4	0.8	KOUQ	0.32622222222222225	0.16311111111111112	0.5625
8	0.8	KOUQ	0.6330584707646177	0.22381996878262345	0.667
16	0.8	KOUQ	0.7940140845070423	0.19850352112676056	0.71
32	0.8	KOUQ	0.8926854395604396	0.15780598194492018	0.728
64	0.8	KOUQ	0.9533597174347844	0.11916996467934805	0.73434375
128	0.8	KOUQ	0.9682563212062174	0.08558257633145702	0.73784375
4	0.8	KOUQ	0.25467497773820125	0.12733748886910062	0.5615
8	0.8	KOUQ	0.7617328519855595	0.2693132325457789	0.6925
16	0.8	KOUQ	1.248196006041282	0.3120490015103205	0.744875
32	0.8	KOUQ	1.4176166652997622	0.2506015892891305	0.7620625
64	0.8	KOUQ	1.482172354055034	0.18527154425687925	0.77565625
128	0.8	KOUQ	1.6022228897566837	0.14161783378990714	0.780234375
4	0.8	KOUQ	0.3145299145299145	0.15726495726495726	0.585
8	0.8	KOUQ	0.7544496912459135	0.26673824637204124	0.68825
16	0.8	KOUQ	1.258956840526579	0.31473921013164474	0.750125
32	0.8	KOUQ	1.8163989992736664	0.32109701243171707	0.7744375
64	0.8	KOUQ	1.6752745503740252	0.20940931879675315	0.785375
128	0.8	KOUQ	1.796589693825009	0.15879759443919086	0.78896875
